[07/26 08:37:33 d2.evaluation.testing]: copypaste: Task: bbox
[07/26 08:37:33 d2.evaluation.testing]: copypaste: AP,AP50,AP75,APs,APm,APl
[07/26 08:37:33 d2.evaluation.testing]: copypaste: 79.8338,94.5007,89.5194,31.8047,84.1379,86.6176
[07/26 08:37:33 d2.evaluation.testing]: copypaste: Task: keypoints
[07/26 08:37:33 d2.evaluation.testing]: copypaste: AP,AP50,AP75,APm,APl
[07/26 08:37:33 d2.evaluation.testing]: copypaste: 95.1309,95.1789,95.1789,97.2731,99.5817
[07/26 08:37:33 d2.evaluation.testing]: copypaste: Task: segm
[07/26 08:37:33 d2.evaluation.testing]: copypaste: AP,AP50,AP75,APs,APm,APl
[07/26 08:37:33 d2.evaluation.testing]: copypaste: 63.5589,94.2404,75.5367,22.4263,64.3545,75.5130

OrderedDict([('bbox',
              {'AP': 79.83381396591405,
               'AP50': 94.50068810293904,
               'AP75': 89.51940571928986,
               'APs': 31.804730473047304,
               'APm': 84.13794382995164,
               'APl': 86.61758543572716,
               'AP-tip1': 70.37708920952119,
               'AP-tip2': 79.46219485003887,
               'AP-tip3': 71.652454417727,
               'AP-tip4': 83.19549014454796,
               'AP-tip5': 75.92240993556445,
               'AP-tip6': 88.17013735786534,
               'AP-tip7': 78.19060857086863,
               'AP-tip8': 91.70012724117899}),
             ('keypoints',
              {'AP': 95.13086296124172,
               'AP50': 95.17889668009929,
               'AP75': 95.17889668009929,
               'APm': 97.27310231023102,
               'APl': 99.58165059927046,
               'AP-tip1': 97.01108661286297,
               'AP-tip2': 92.89813727135426,
               'AP-tip3': 92.07920792079209,
               'AP-tip4': 94.05940594059405,
               'AP-tip5': 93.06930693069307,
               'AP-tip6': 96.03960396039604,
               'AP-tip7': 98.01980198019803,
               'AP-tip8': 97.87035307304316}),
             ('segm',
              {'AP': 63.55894337167543,
               'AP50': 94.24036034602543,
               'AP75': 75.53670714983342,
               'APs': 22.426331918906172,
               'APm': 64.35453501960329,
               'APl': 75.51298910357458,
               'AP-tip1': 65.91714413538193,
               'AP-tip2': 49.12605211552095,
               'AP-tip3': 64.74722563051277,
               'AP-tip4': 60.04249895255964,
               'AP-tip5': 72.8825100623761,
               'AP-tip6': 59.599599855397145,
               'AP-tip7': 72.1753624578477,
               'AP-tip8': 63.98115376380724})])