[07/26 08:24:35 d2.evaluation.testing]: copypaste: Task: bbox
[07/26 08:24:35 d2.evaluation.testing]: copypaste: AP,AP50,AP75,APs,APm,APl
[07/26 08:24:35 d2.evaluation.testing]: copypaste: 75.1607,87.4651,84.4094,19.3771,82.1231,78.1608
[07/26 08:24:35 d2.evaluation.testing]: copypaste: Task: keypoints
[07/26 08:24:35 d2.evaluation.testing]: copypaste: AP,AP50,AP75,APm,APl
[07/26 08:24:35 d2.evaluation.testing]: copypaste: 87.8237,87.8824,87.8824,94.2904,88.9381
[07/26 08:24:35 d2.evaluation.testing]: copypaste: Task: segm
[07/26 08:24:35 d2.evaluation.testing]: copypaste: AP,AP50,AP75,APs,APm,APl
[07/26 08:24:35 d2.evaluation.testing]: copypaste: 59.7687,87.2089,72.2131,13.8958,62.9221,67.0559

OrderedDict([('bbox',
              {'AP': 75.1606588973917,
               'AP50': 87.46514079820857,
               'AP75': 84.40937435419167,
               'APs': 19.377062706270625,
               'APm': 82.12306207130943,
               'APl': 78.16084604945817,
               'AP-tip1': 69.1691755610135,
               'AP-tip2': 77.85979776822542,
               'AP-tip3': 66.73225920388442,
               'AP-tip4': 75.85150574610812,
               'AP-tip5': 65.29102331864188,
               'AP-tip6': 80.31027444849748,
               'AP-tip7': 74.3711078915838,
               'AP-tip8': 91.70012724117899}),
             ('keypoints',
              {'AP': 87.82371322665884,
               'AP50': 87.8824006614498,
               'AP75': 87.8824006614498,
               'APm': 94.2904290429043,
               'APl': 88.93808624283481,
               'AP-tip1': 93.10392803986281,
               'AP-tip2': 89.83324648254299,
               'AP-tip3': 83.16831683168317,
               'AP-tip4': 84.15841584158416,
               'AP-tip5': 76.23762376237624,
               'AP-tip6': 85.14851485148515,
               'AP-tip7': 93.06930693069307,
               'AP-tip8': 97.87035307304316}),
             ('segm',
              {'AP': 59.76872093539225,
               'AP50': 87.2089309666991,
               'AP75': 72.21314240240176,
               'APs': 13.895764576457644,
               'APm': 62.922058277052805,
               'APl': 67.0559434241184,
               'AP-tip1': 64.29380561105332,
               'AP-tip2': 48.41064119148844,
               'AP-tip3': 60.34098271436063,
               'AP-tip4': 55.49378751770959,
               'AP-tip5': 62.57191711902379,
               'AP-tip6': 54.72369971959602,
               'AP-tip7': 68.33377984609906,
               'AP-tip8': 63.98115376380724})])