[07/27 14:52:59 d2.evaluation.testing]: copypaste: Task: bbox
[07/27 14:52:59 d2.evaluation.testing]: copypaste: AP,AP50,AP75,APs,APm,APl
[07/27 14:52:59 d2.evaluation.testing]: copypaste: 81.0287,94.5161,90.6526,28.8946,84.9210,86.4333
[07/27 14:52:59 d2.evaluation.testing]: copypaste: Task: keypoints
[07/27 14:52:59 d2.evaluation.testing]: copypaste: AP,AP50,AP75,APm,APl
[07/27 14:52:59 d2.evaluation.testing]: copypaste: 95.2282,95.3388,95.3388,98.1959,96.5192
[07/27 14:52:59 d2.evaluation.testing]: copypaste: Task: segm
[07/27 14:52:59 d2.evaluation.testing]: copypaste: AP,AP50,AP75,APs,APm,APl
[07/27 14:52:59 d2.evaluation.testing]: copypaste: 64.5593,93.8685,74.3163,20.2874,65.2222,74.7784

OrderedDict([('bbox',
              {'AP': 81.02868595626698,
               'AP50': 94.51606007607798,
               'AP75': 90.65262529030306,
               'APs': 28.894585887160147,
               'APm': 84.92100634845663,
               'APl': 86.43334054043702,
               'AP-tip1': 74.0066871784252,
               'AP-tip2': 79.35229953511296,
               'AP-tip3': 75.41710845344564,
               'AP-tip4': 86.08682648869022,
               'AP-tip5': 77.71157167046954,
               'AP-tip6': 82.51992818847101,
               'AP-tip7': 79.67198569974094,
               'AP-tip8': 93.46308043578038}),
             ('keypoints',
              {'AP': 95.22817643375609,
               'AP50': 95.33882495566687,
               'AP75': 95.33882495566687,
               'APm': 98.19585396039604,
               'APl': 96.51918316831683,
               'AP-tip1': 98.86155620358508,
               'AP-tip2': 91.75145100716968,
               'AP-tip3': 98.01980198019803,
               'AP-tip4': 97.02970297029702,
               'AP-tip5': 93.06930693069307,
               'AP-tip6': 89.10891089108911,
               'AP-tip7': 96.03960396039604,
               'AP-tip8': 97.94507752662058}),
             ('segm',
              {'AP': 64.55926875290912,
               'AP50': 93.8685063531359,
               'AP75': 74.31625137397369,
               'APs': 20.28740374037404,
               'APm': 65.22219348325622,
               'APl': 74.77835075738743,
               'AP-tip1': 70.6818466855636,
               'AP-tip2': 49.87296693444425,
               'AP-tip3': 69.48333263159938,
               'AP-tip4': 59.40101904927334,
               'AP-tip5': 73.73637253835274,
               'AP-tip6': 55.870927092709266,
               'AP-tip7': 72.32324063900715,
               'AP-tip8': 65.10444445232316})])