[07/27 14:51:13 d2.evaluation.testing]: copypaste: Task: bbox
[07/27 14:51:13 d2.evaluation.testing]: copypaste: AP,AP50,AP75,APs,APm,APl
[07/27 14:51:13 d2.evaluation.testing]: copypaste: 75.8936,87.4045,84.8607,26.8140,82.4359,76.6346
[07/27 14:51:13 d2.evaluation.testing]: copypaste: Task: keypoints
[07/27 14:51:13 d2.evaluation.testing]: copypaste: AP,AP50,AP75,APm,APl
[07/27 14:51:13 d2.evaluation.testing]: copypaste: 87.5885,87.6845,87.6845,93.9879,84.7618
[07/27 14:51:13 d2.evaluation.testing]: copypaste: Task: segm
[07/27 14:51:13 d2.evaluation.testing]: copypaste: AP,AP50,AP75,APs,APm,APl
[07/27 14:51:13 d2.evaluation.testing]: copypaste: 60.0417,87.2610,69.4117,18.5314,63.2168,65.1182

OrderedDict([('bbox',
              {'AP': 75.89364858001521,
               'AP50': 87.40453728661277,
               'AP75': 84.8606731745544,
               'APs': 26.814002828854317,
               'APm': 82.43591141039138,
               'APl': 76.63463673314527,
               'AP-tip1': 71.01756716316127,
               'AP-tip2': 79.35229953511296,
               'AP-tip3': 63.04343156264491,
               'AP-tip4': 83.04115705688217,
               'AP-tip5': 65.82309854222027,
               'AP-tip6': 77.37933412906509,
               'AP-tip7': 74.02922021525461,
               'AP-tip8': 93.46308043578038}),
             ('keypoints',
              {'AP': 87.58847083729022,
               'AP50': 87.68447599476929,
               'AP75': 87.68447599476929,
               'APm': 93.98793316831684,
               'APl': 84.76175742574257,
               'AP-tip1': 91.20925796651164,
               'AP-tip2': 91.75145100716968,
               'AP-tip3': 79.20792079207921,
               'AP-tip4': 92.07920792079209,
               'AP-tip5': 76.23762376237624,
               'AP-tip6': 82.17821782178217,
               'AP-tip7': 90.0990099009901,
               'AP-tip8': 97.94507752662058}),
             ('segm',
              {'AP': 60.04169107845754,
               'AP50': 87.26102352485921,
               'AP75': 69.41172388951055,
               'APs': 18.53135313531353,
               'APm': 63.2168237060824,
               'APl': 65.11818409725434,
               'AP-tip1': 68.0211059894721,
               'AP-tip2': 49.87296693444425,
               'AP-tip3': 59.037001210362114,
               'AP-tip4': 57.91587053442186,
               'AP-tip5': 61.942535725144424,
               'AP-tip6': 51.59938167729816,
               'AP-tip7': 66.84022210419421,
               'AP-tip8': 65.10444445232316})])